{
 "cells": [
  {
   "cell_type": "code",
   "execution_count": 98,
   "id": "e0ee3774-a468-45f1-bfd2-9a4687241513",
   "metadata": {},
   "outputs": [],
   "source": [
    "import pandas as pd\n",
    "import numpy as np\n",
    "\n",
    "import plotly.express as px\n",
    "\n",
    "import statsmodels.api as sm\n",
    "import statsmodels.formula.api as smf\n",
    "from sklearn.preprocessing import StandardScaler"
   ]
  },
  {
   "cell_type": "code",
   "execution_count": 99,
   "id": "21a12947-cd5c-4e5c-bd5f-367a7ed99d54",
   "metadata": {},
   "outputs": [],
   "source": [
    "pd.set_option('display.max_columns', None)\n",
    "pd.set_option('display.max_rows', None)"
   ]
  },
  {
   "cell_type": "code",
   "execution_count": 100,
   "id": "2df0941a-630a-492f-aed1-bd959e83a3a2",
   "metadata": {},
   "outputs": [
    {
     "data": {
      "text/html": [
       "<div>\n",
       "<style scoped>\n",
       "    .dataframe tbody tr th:only-of-type {\n",
       "        vertical-align: middle;\n",
       "    }\n",
       "\n",
       "    .dataframe tbody tr th {\n",
       "        vertical-align: top;\n",
       "    }\n",
       "\n",
       "    .dataframe thead th {\n",
       "        text-align: right;\n",
       "    }\n",
       "</style>\n",
       "<table border=\"1\" class=\"dataframe\">\n",
       "  <thead>\n",
       "    <tr style=\"text-align: right;\">\n",
       "      <th></th>\n",
       "      <th>Schüler-ID</th>\n",
       "      <th>Alter</th>\n",
       "      <th>Geschlecht</th>\n",
       "      <th>Ethnizität</th>\n",
       "      <th>Bildung_der_Eltern</th>\n",
       "      <th>Lernzeit_pro_Woche</th>\n",
       "      <th>Fehlzeiten</th>\n",
       "      <th>Nachhilfe</th>\n",
       "      <th>Unterstützung_durch_Eltern</th>\n",
       "      <th>Extracurricular</th>\n",
       "      <th>Sports</th>\n",
       "      <th>Musik</th>\n",
       "      <th>Ehrenamt</th>\n",
       "      <th>Notendurchschnitt</th>\n",
       "      <th>Note</th>\n",
       "    </tr>\n",
       "  </thead>\n",
       "  <tbody>\n",
       "    <tr>\n",
       "      <th>0</th>\n",
       "      <td>1001</td>\n",
       "      <td>17</td>\n",
       "      <td>1</td>\n",
       "      <td>0</td>\n",
       "      <td>2</td>\n",
       "      <td>19.833723</td>\n",
       "      <td>7</td>\n",
       "      <td>1</td>\n",
       "      <td>2</td>\n",
       "      <td>0</td>\n",
       "      <td>0</td>\n",
       "      <td>1</td>\n",
       "      <td>0</td>\n",
       "      <td>2.070804</td>\n",
       "      <td>3.0</td>\n",
       "    </tr>\n",
       "    <tr>\n",
       "      <th>1</th>\n",
       "      <td>1002</td>\n",
       "      <td>18</td>\n",
       "      <td>0</td>\n",
       "      <td>0</td>\n",
       "      <td>1</td>\n",
       "      <td>15.408756</td>\n",
       "      <td>0</td>\n",
       "      <td>0</td>\n",
       "      <td>1</td>\n",
       "      <td>0</td>\n",
       "      <td>0</td>\n",
       "      <td>0</td>\n",
       "      <td>0</td>\n",
       "      <td>1.957085</td>\n",
       "      <td>2.0</td>\n",
       "    </tr>\n",
       "    <tr>\n",
       "      <th>2</th>\n",
       "      <td>1003</td>\n",
       "      <td>15</td>\n",
       "      <td>0</td>\n",
       "      <td>2</td>\n",
       "      <td>3</td>\n",
       "      <td>4.210570</td>\n",
       "      <td>26</td>\n",
       "      <td>0</td>\n",
       "      <td>2</td>\n",
       "      <td>0</td>\n",
       "      <td>0</td>\n",
       "      <td>0</td>\n",
       "      <td>0</td>\n",
       "      <td>4.887398</td>\n",
       "      <td>5.0</td>\n",
       "    </tr>\n",
       "    <tr>\n",
       "      <th>3</th>\n",
       "      <td>1004</td>\n",
       "      <td>17</td>\n",
       "      <td>1</td>\n",
       "      <td>0</td>\n",
       "      <td>3</td>\n",
       "      <td>10.028829</td>\n",
       "      <td>14</td>\n",
       "      <td>0</td>\n",
       "      <td>3</td>\n",
       "      <td>1</td>\n",
       "      <td>0</td>\n",
       "      <td>0</td>\n",
       "      <td>0</td>\n",
       "      <td>2.945782</td>\n",
       "      <td>4.0</td>\n",
       "    </tr>\n",
       "    <tr>\n",
       "      <th>4</th>\n",
       "      <td>1005</td>\n",
       "      <td>17</td>\n",
       "      <td>1</td>\n",
       "      <td>0</td>\n",
       "      <td>2</td>\n",
       "      <td>4.672495</td>\n",
       "      <td>17</td>\n",
       "      <td>1</td>\n",
       "      <td>3</td>\n",
       "      <td>0</td>\n",
       "      <td>0</td>\n",
       "      <td>0</td>\n",
       "      <td>0</td>\n",
       "      <td>3.711939</td>\n",
       "      <td>5.0</td>\n",
       "    </tr>\n",
       "  </tbody>\n",
       "</table>\n",
       "</div>"
      ],
      "text/plain": [
       "   Schüler-ID  Alter  Geschlecht  Ethnizität  Bildung_der_Eltern  \\\n",
       "0        1001     17           1           0                   2   \n",
       "1        1002     18           0           0                   1   \n",
       "2        1003     15           0           2                   3   \n",
       "3        1004     17           1           0                   3   \n",
       "4        1005     17           1           0                   2   \n",
       "\n",
       "   Lernzeit_pro_Woche  Fehlzeiten  Nachhilfe  Unterstützung_durch_Eltern  \\\n",
       "0           19.833723           7          1                           2   \n",
       "1           15.408756           0          0                           1   \n",
       "2            4.210570          26          0                           2   \n",
       "3           10.028829          14          0                           3   \n",
       "4            4.672495          17          1                           3   \n",
       "\n",
       "   Extracurricular  Sports  Musik  Ehrenamt  Notendurchschnitt  Note  \n",
       "0                0       0      1         0           2.070804   3.0  \n",
       "1                0       0      0         0           1.957085   2.0  \n",
       "2                0       0      0         0           4.887398   5.0  \n",
       "3                1       0      0         0           2.945782   4.0  \n",
       "4                0       0      0         0           3.711939   5.0  "
      ]
     },
     "execution_count": 100,
     "metadata": {},
     "output_type": "execute_result"
    }
   ],
   "source": [
    "df = pd.read_csv('students_data.csv')\n",
    "df.head()"
   ]
  },
  {
   "cell_type": "code",
   "execution_count": 101,
   "id": "b7a60e2e-564c-4141-9d22-bf1848c8b195",
   "metadata": {},
   "outputs": [
    {
     "data": {
      "text/plain": [
       "(2392, 15)"
      ]
     },
     "execution_count": 101,
     "metadata": {},
     "output_type": "execute_result"
    }
   ],
   "source": [
    "df.shape"
   ]
  },
  {
   "cell_type": "code",
   "execution_count": 102,
   "id": "5878e55e-3e05-40a1-8b32-b4ef556e823e",
   "metadata": {},
   "outputs": [
    {
     "data": {
      "text/html": [
       "<div>\n",
       "<style scoped>\n",
       "    .dataframe tbody tr th:only-of-type {\n",
       "        vertical-align: middle;\n",
       "    }\n",
       "\n",
       "    .dataframe tbody tr th {\n",
       "        vertical-align: top;\n",
       "    }\n",
       "\n",
       "    .dataframe thead th {\n",
       "        text-align: right;\n",
       "    }\n",
       "</style>\n",
       "<table border=\"1\" class=\"dataframe\">\n",
       "  <thead>\n",
       "    <tr style=\"text-align: right;\">\n",
       "      <th></th>\n",
       "      <th>Schüler-ID</th>\n",
       "      <th>Alter</th>\n",
       "      <th>Geschlecht</th>\n",
       "      <th>Ethnizität</th>\n",
       "      <th>Bildung_der_Eltern</th>\n",
       "      <th>Lernzeit_pro_Woche</th>\n",
       "      <th>Fehlzeiten</th>\n",
       "      <th>Nachhilfe</th>\n",
       "      <th>Unterstützung_durch_Eltern</th>\n",
       "      <th>Extracurricular</th>\n",
       "      <th>Sports</th>\n",
       "      <th>Musik</th>\n",
       "      <th>Ehrenamt</th>\n",
       "      <th>Notendurchschnitt</th>\n",
       "      <th>Note</th>\n",
       "    </tr>\n",
       "  </thead>\n",
       "  <tbody>\n",
       "    <tr>\n",
       "      <th>count</th>\n",
       "      <td>2392.000000</td>\n",
       "      <td>2392.000000</td>\n",
       "      <td>2392.000000</td>\n",
       "      <td>2392.000000</td>\n",
       "      <td>2392.000000</td>\n",
       "      <td>2392.000000</td>\n",
       "      <td>2392.000000</td>\n",
       "      <td>2392.000000</td>\n",
       "      <td>2392.000000</td>\n",
       "      <td>2392.000000</td>\n",
       "      <td>2392.000000</td>\n",
       "      <td>2392.000000</td>\n",
       "      <td>2392.000000</td>\n",
       "      <td>2392.000000</td>\n",
       "      <td>2392.000000</td>\n",
       "    </tr>\n",
       "    <tr>\n",
       "      <th>mean</th>\n",
       "      <td>2196.500000</td>\n",
       "      <td>16.468645</td>\n",
       "      <td>0.510870</td>\n",
       "      <td>0.877508</td>\n",
       "      <td>1.746237</td>\n",
       "      <td>9.771992</td>\n",
       "      <td>14.541388</td>\n",
       "      <td>0.301421</td>\n",
       "      <td>2.122074</td>\n",
       "      <td>0.383361</td>\n",
       "      <td>0.303512</td>\n",
       "      <td>0.196906</td>\n",
       "      <td>0.157191</td>\n",
       "      <td>3.093814</td>\n",
       "      <td>3.983696</td>\n",
       "    </tr>\n",
       "    <tr>\n",
       "      <th>std</th>\n",
       "      <td>690.655244</td>\n",
       "      <td>1.123798</td>\n",
       "      <td>0.499986</td>\n",
       "      <td>1.028476</td>\n",
       "      <td>1.000411</td>\n",
       "      <td>5.652774</td>\n",
       "      <td>8.467417</td>\n",
       "      <td>0.458971</td>\n",
       "      <td>1.122813</td>\n",
       "      <td>0.486307</td>\n",
       "      <td>0.459870</td>\n",
       "      <td>0.397744</td>\n",
       "      <td>0.364057</td>\n",
       "      <td>0.915156</td>\n",
       "      <td>1.233908</td>\n",
       "    </tr>\n",
       "    <tr>\n",
       "      <th>min</th>\n",
       "      <td>1001.000000</td>\n",
       "      <td>15.000000</td>\n",
       "      <td>0.000000</td>\n",
       "      <td>0.000000</td>\n",
       "      <td>0.000000</td>\n",
       "      <td>0.001057</td>\n",
       "      <td>0.000000</td>\n",
       "      <td>0.000000</td>\n",
       "      <td>0.000000</td>\n",
       "      <td>0.000000</td>\n",
       "      <td>0.000000</td>\n",
       "      <td>0.000000</td>\n",
       "      <td>0.000000</td>\n",
       "      <td>1.000000</td>\n",
       "      <td>1.000000</td>\n",
       "    </tr>\n",
       "    <tr>\n",
       "      <th>25%</th>\n",
       "      <td>1598.750000</td>\n",
       "      <td>15.000000</td>\n",
       "      <td>0.000000</td>\n",
       "      <td>0.000000</td>\n",
       "      <td>1.000000</td>\n",
       "      <td>5.043079</td>\n",
       "      <td>7.000000</td>\n",
       "      <td>0.000000</td>\n",
       "      <td>1.000000</td>\n",
       "      <td>0.000000</td>\n",
       "      <td>0.000000</td>\n",
       "      <td>0.000000</td>\n",
       "      <td>0.000000</td>\n",
       "      <td>2.377784</td>\n",
       "      <td>3.000000</td>\n",
       "    </tr>\n",
       "    <tr>\n",
       "      <th>50%</th>\n",
       "      <td>2196.500000</td>\n",
       "      <td>16.000000</td>\n",
       "      <td>1.000000</td>\n",
       "      <td>0.000000</td>\n",
       "      <td>2.000000</td>\n",
       "      <td>9.705363</td>\n",
       "      <td>15.000000</td>\n",
       "      <td>0.000000</td>\n",
       "      <td>2.000000</td>\n",
       "      <td>0.000000</td>\n",
       "      <td>0.000000</td>\n",
       "      <td>0.000000</td>\n",
       "      <td>0.000000</td>\n",
       "      <td>3.106607</td>\n",
       "      <td>5.000000</td>\n",
       "    </tr>\n",
       "    <tr>\n",
       "      <th>75%</th>\n",
       "      <td>2794.250000</td>\n",
       "      <td>17.000000</td>\n",
       "      <td>1.000000</td>\n",
       "      <td>2.000000</td>\n",
       "      <td>2.000000</td>\n",
       "      <td>14.408410</td>\n",
       "      <td>22.000000</td>\n",
       "      <td>1.000000</td>\n",
       "      <td>3.000000</td>\n",
       "      <td>1.000000</td>\n",
       "      <td>1.000000</td>\n",
       "      <td>0.000000</td>\n",
       "      <td>0.000000</td>\n",
       "      <td>3.825197</td>\n",
       "      <td>5.000000</td>\n",
       "    </tr>\n",
       "    <tr>\n",
       "      <th>max</th>\n",
       "      <td>3392.000000</td>\n",
       "      <td>18.000000</td>\n",
       "      <td>1.000000</td>\n",
       "      <td>3.000000</td>\n",
       "      <td>4.000000</td>\n",
       "      <td>19.978094</td>\n",
       "      <td>29.000000</td>\n",
       "      <td>1.000000</td>\n",
       "      <td>4.000000</td>\n",
       "      <td>1.000000</td>\n",
       "      <td>1.000000</td>\n",
       "      <td>1.000000</td>\n",
       "      <td>1.000000</td>\n",
       "      <td>5.000000</td>\n",
       "      <td>5.000000</td>\n",
       "    </tr>\n",
       "  </tbody>\n",
       "</table>\n",
       "</div>"
      ],
      "text/plain": [
       "        Schüler-ID        Alter   Geschlecht   Ethnizität  Bildung_der_Eltern  \\\n",
       "count  2392.000000  2392.000000  2392.000000  2392.000000         2392.000000   \n",
       "mean   2196.500000    16.468645     0.510870     0.877508            1.746237   \n",
       "std     690.655244     1.123798     0.499986     1.028476            1.000411   \n",
       "min    1001.000000    15.000000     0.000000     0.000000            0.000000   \n",
       "25%    1598.750000    15.000000     0.000000     0.000000            1.000000   \n",
       "50%    2196.500000    16.000000     1.000000     0.000000            2.000000   \n",
       "75%    2794.250000    17.000000     1.000000     2.000000            2.000000   \n",
       "max    3392.000000    18.000000     1.000000     3.000000            4.000000   \n",
       "\n",
       "       Lernzeit_pro_Woche   Fehlzeiten    Nachhilfe  \\\n",
       "count         2392.000000  2392.000000  2392.000000   \n",
       "mean             9.771992    14.541388     0.301421   \n",
       "std              5.652774     8.467417     0.458971   \n",
       "min              0.001057     0.000000     0.000000   \n",
       "25%              5.043079     7.000000     0.000000   \n",
       "50%              9.705363    15.000000     0.000000   \n",
       "75%             14.408410    22.000000     1.000000   \n",
       "max             19.978094    29.000000     1.000000   \n",
       "\n",
       "       Unterstützung_durch_Eltern  Extracurricular       Sports        Musik  \\\n",
       "count                 2392.000000      2392.000000  2392.000000  2392.000000   \n",
       "mean                     2.122074         0.383361     0.303512     0.196906   \n",
       "std                      1.122813         0.486307     0.459870     0.397744   \n",
       "min                      0.000000         0.000000     0.000000     0.000000   \n",
       "25%                      1.000000         0.000000     0.000000     0.000000   \n",
       "50%                      2.000000         0.000000     0.000000     0.000000   \n",
       "75%                      3.000000         1.000000     1.000000     0.000000   \n",
       "max                      4.000000         1.000000     1.000000     1.000000   \n",
       "\n",
       "          Ehrenamt  Notendurchschnitt         Note  \n",
       "count  2392.000000        2392.000000  2392.000000  \n",
       "mean      0.157191           3.093814     3.983696  \n",
       "std       0.364057           0.915156     1.233908  \n",
       "min       0.000000           1.000000     1.000000  \n",
       "25%       0.000000           2.377784     3.000000  \n",
       "50%       0.000000           3.106607     5.000000  \n",
       "75%       0.000000           3.825197     5.000000  \n",
       "max       1.000000           5.000000     5.000000  "
      ]
     },
     "execution_count": 102,
     "metadata": {},
     "output_type": "execute_result"
    }
   ],
   "source": [
    "df.describe()"
   ]
  },
  {
   "cell_type": "code",
   "execution_count": 103,
   "id": "ecced8f6-15cb-415a-8d4c-80a44c2d6504",
   "metadata": {},
   "outputs": [
    {
     "data": {
      "text/html": [
       "<div>\n",
       "<style scoped>\n",
       "    .dataframe tbody tr th:only-of-type {\n",
       "        vertical-align: middle;\n",
       "    }\n",
       "\n",
       "    .dataframe tbody tr th {\n",
       "        vertical-align: top;\n",
       "    }\n",
       "\n",
       "    .dataframe thead th {\n",
       "        text-align: right;\n",
       "    }\n",
       "</style>\n",
       "<table border=\"1\" class=\"dataframe\">\n",
       "  <thead>\n",
       "    <tr style=\"text-align: right;\">\n",
       "      <th></th>\n",
       "      <th>Schüler-ID</th>\n",
       "      <th>Alter</th>\n",
       "      <th>Geschlecht</th>\n",
       "      <th>Ethnizität</th>\n",
       "      <th>Bildung_der_Eltern</th>\n",
       "      <th>Lernzeit_pro_Woche</th>\n",
       "      <th>Fehlzeiten</th>\n",
       "      <th>Nachhilfe</th>\n",
       "      <th>Unterstützung_durch_Eltern</th>\n",
       "      <th>Extracurricular</th>\n",
       "      <th>Sports</th>\n",
       "      <th>Musik</th>\n",
       "      <th>Ehrenamt</th>\n",
       "      <th>Notendurchschnitt</th>\n",
       "      <th>Note</th>\n",
       "    </tr>\n",
       "  </thead>\n",
       "  <tbody>\n",
       "    <tr>\n",
       "      <th>Schüler-ID</th>\n",
       "      <td>1.000000</td>\n",
       "      <td>-0.042255</td>\n",
       "      <td>-0.014625</td>\n",
       "      <td>-0.012990</td>\n",
       "      <td>-0.002307</td>\n",
       "      <td>0.026976</td>\n",
       "      <td>0.014841</td>\n",
       "      <td>-0.007834</td>\n",
       "      <td>0.003016</td>\n",
       "      <td>-0.003611</td>\n",
       "      <td>-0.020703</td>\n",
       "      <td>-0.005468</td>\n",
       "      <td>0.008011</td>\n",
       "      <td>0.002697</td>\n",
       "      <td>-0.098500</td>\n",
       "    </tr>\n",
       "    <tr>\n",
       "      <th>Alter</th>\n",
       "      <td>-0.042255</td>\n",
       "      <td>1.000000</td>\n",
       "      <td>0.044895</td>\n",
       "      <td>-0.028473</td>\n",
       "      <td>0.025099</td>\n",
       "      <td>-0.006800</td>\n",
       "      <td>-0.011511</td>\n",
       "      <td>-0.012076</td>\n",
       "      <td>0.033197</td>\n",
       "      <td>-0.025061</td>\n",
       "      <td>-0.046320</td>\n",
       "      <td>-0.003492</td>\n",
       "      <td>0.013074</td>\n",
       "      <td>-0.000275</td>\n",
       "      <td>-0.006250</td>\n",
       "    </tr>\n",
       "    <tr>\n",
       "      <th>Geschlecht</th>\n",
       "      <td>-0.014625</td>\n",
       "      <td>0.044895</td>\n",
       "      <td>1.000000</td>\n",
       "      <td>0.016010</td>\n",
       "      <td>0.006771</td>\n",
       "      <td>0.011469</td>\n",
       "      <td>0.021479</td>\n",
       "      <td>-0.031597</td>\n",
       "      <td>0.008065</td>\n",
       "      <td>-0.005964</td>\n",
       "      <td>-0.008897</td>\n",
       "      <td>0.007109</td>\n",
       "      <td>-0.000200</td>\n",
       "      <td>0.013360</td>\n",
       "      <td>0.022998</td>\n",
       "    </tr>\n",
       "    <tr>\n",
       "      <th>Ethnizität</th>\n",
       "      <td>-0.012990</td>\n",
       "      <td>-0.028473</td>\n",
       "      <td>0.016010</td>\n",
       "      <td>1.000000</td>\n",
       "      <td>0.033595</td>\n",
       "      <td>0.007184</td>\n",
       "      <td>-0.025712</td>\n",
       "      <td>-0.017440</td>\n",
       "      <td>0.020922</td>\n",
       "      <td>-0.008927</td>\n",
       "      <td>-0.004484</td>\n",
       "      <td>-0.014627</td>\n",
       "      <td>0.013468</td>\n",
       "      <td>-0.027760</td>\n",
       "      <td>-0.023326</td>\n",
       "    </tr>\n",
       "    <tr>\n",
       "      <th>Bildung_der_Eltern</th>\n",
       "      <td>-0.002307</td>\n",
       "      <td>0.025099</td>\n",
       "      <td>0.006771</td>\n",
       "      <td>0.033595</td>\n",
       "      <td>1.000000</td>\n",
       "      <td>-0.011051</td>\n",
       "      <td>0.036518</td>\n",
       "      <td>-0.017340</td>\n",
       "      <td>-0.017463</td>\n",
       "      <td>0.007479</td>\n",
       "      <td>0.002029</td>\n",
       "      <td>0.039439</td>\n",
       "      <td>0.011960</td>\n",
       "      <td>0.035854</td>\n",
       "      <td>0.041031</td>\n",
       "    </tr>\n",
       "    <tr>\n",
       "      <th>Lernzeit_pro_Woche</th>\n",
       "      <td>0.026976</td>\n",
       "      <td>-0.006800</td>\n",
       "      <td>0.011469</td>\n",
       "      <td>0.007184</td>\n",
       "      <td>-0.011051</td>\n",
       "      <td>1.000000</td>\n",
       "      <td>0.009326</td>\n",
       "      <td>0.028930</td>\n",
       "      <td>0.035800</td>\n",
       "      <td>-0.022860</td>\n",
       "      <td>0.006836</td>\n",
       "      <td>0.007791</td>\n",
       "      <td>-0.016604</td>\n",
       "      <td>-0.179275</td>\n",
       "      <td>-0.134131</td>\n",
       "    </tr>\n",
       "    <tr>\n",
       "      <th>Fehlzeiten</th>\n",
       "      <td>0.014841</td>\n",
       "      <td>-0.011511</td>\n",
       "      <td>0.021479</td>\n",
       "      <td>-0.025712</td>\n",
       "      <td>0.036518</td>\n",
       "      <td>0.009326</td>\n",
       "      <td>1.000000</td>\n",
       "      <td>-0.015534</td>\n",
       "      <td>0.002108</td>\n",
       "      <td>0.000360</td>\n",
       "      <td>0.041454</td>\n",
       "      <td>-0.008692</td>\n",
       "      <td>-0.018528</td>\n",
       "      <td>0.919314</td>\n",
       "      <td>0.728633</td>\n",
       "    </tr>\n",
       "    <tr>\n",
       "      <th>Nachhilfe</th>\n",
       "      <td>-0.007834</td>\n",
       "      <td>-0.012076</td>\n",
       "      <td>-0.031597</td>\n",
       "      <td>-0.017440</td>\n",
       "      <td>-0.017340</td>\n",
       "      <td>0.028930</td>\n",
       "      <td>-0.015534</td>\n",
       "      <td>1.000000</td>\n",
       "      <td>-0.000824</td>\n",
       "      <td>0.004865</td>\n",
       "      <td>0.006278</td>\n",
       "      <td>-0.011385</td>\n",
       "      <td>-0.050898</td>\n",
       "      <td>-0.145119</td>\n",
       "      <td>-0.111695</td>\n",
       "    </tr>\n",
       "    <tr>\n",
       "      <th>Unterstützung_durch_Eltern</th>\n",
       "      <td>0.003016</td>\n",
       "      <td>0.033197</td>\n",
       "      <td>0.008065</td>\n",
       "      <td>0.020922</td>\n",
       "      <td>-0.017463</td>\n",
       "      <td>0.035800</td>\n",
       "      <td>0.002108</td>\n",
       "      <td>-0.000824</td>\n",
       "      <td>1.000000</td>\n",
       "      <td>-0.008381</td>\n",
       "      <td>-0.006176</td>\n",
       "      <td>0.035122</td>\n",
       "      <td>-0.006036</td>\n",
       "      <td>-0.190774</td>\n",
       "      <td>-0.136823</td>\n",
       "    </tr>\n",
       "    <tr>\n",
       "      <th>Extracurricular</th>\n",
       "      <td>-0.003611</td>\n",
       "      <td>-0.025061</td>\n",
       "      <td>-0.005964</td>\n",
       "      <td>-0.008927</td>\n",
       "      <td>0.007479</td>\n",
       "      <td>-0.022860</td>\n",
       "      <td>0.000360</td>\n",
       "      <td>0.004865</td>\n",
       "      <td>-0.008381</td>\n",
       "      <td>1.000000</td>\n",
       "      <td>-0.011820</td>\n",
       "      <td>-0.014191</td>\n",
       "      <td>-0.007427</td>\n",
       "      <td>-0.094078</td>\n",
       "      <td>-0.069733</td>\n",
       "    </tr>\n",
       "    <tr>\n",
       "      <th>Sports</th>\n",
       "      <td>-0.020703</td>\n",
       "      <td>-0.046320</td>\n",
       "      <td>-0.008897</td>\n",
       "      <td>-0.004484</td>\n",
       "      <td>0.002029</td>\n",
       "      <td>0.006836</td>\n",
       "      <td>0.041454</td>\n",
       "      <td>0.006278</td>\n",
       "      <td>-0.006176</td>\n",
       "      <td>-0.011820</td>\n",
       "      <td>1.000000</td>\n",
       "      <td>-0.020474</td>\n",
       "      <td>-0.002799</td>\n",
       "      <td>-0.057859</td>\n",
       "      <td>-0.026654</td>\n",
       "    </tr>\n",
       "    <tr>\n",
       "      <th>Musik</th>\n",
       "      <td>-0.005468</td>\n",
       "      <td>-0.003492</td>\n",
       "      <td>0.007109</td>\n",
       "      <td>-0.014627</td>\n",
       "      <td>0.039439</td>\n",
       "      <td>0.007791</td>\n",
       "      <td>-0.008692</td>\n",
       "      <td>-0.011385</td>\n",
       "      <td>0.035122</td>\n",
       "      <td>-0.014191</td>\n",
       "      <td>-0.020474</td>\n",
       "      <td>1.000000</td>\n",
       "      <td>0.017224</td>\n",
       "      <td>-0.073318</td>\n",
       "      <td>-0.036065</td>\n",
       "    </tr>\n",
       "    <tr>\n",
       "      <th>Ehrenamt</th>\n",
       "      <td>0.008011</td>\n",
       "      <td>0.013074</td>\n",
       "      <td>-0.000200</td>\n",
       "      <td>0.013468</td>\n",
       "      <td>0.011960</td>\n",
       "      <td>-0.016604</td>\n",
       "      <td>-0.018528</td>\n",
       "      <td>-0.050898</td>\n",
       "      <td>-0.006036</td>\n",
       "      <td>-0.007427</td>\n",
       "      <td>-0.002799</td>\n",
       "      <td>0.017224</td>\n",
       "      <td>1.000000</td>\n",
       "      <td>-0.003258</td>\n",
       "      <td>0.013156</td>\n",
       "    </tr>\n",
       "    <tr>\n",
       "      <th>Notendurchschnitt</th>\n",
       "      <td>0.002697</td>\n",
       "      <td>-0.000275</td>\n",
       "      <td>0.013360</td>\n",
       "      <td>-0.027760</td>\n",
       "      <td>0.035854</td>\n",
       "      <td>-0.179275</td>\n",
       "      <td>0.919314</td>\n",
       "      <td>-0.145119</td>\n",
       "      <td>-0.190774</td>\n",
       "      <td>-0.094078</td>\n",
       "      <td>-0.057859</td>\n",
       "      <td>-0.073318</td>\n",
       "      <td>-0.003258</td>\n",
       "      <td>1.000000</td>\n",
       "      <td>0.782835</td>\n",
       "    </tr>\n",
       "    <tr>\n",
       "      <th>Note</th>\n",
       "      <td>-0.098500</td>\n",
       "      <td>-0.006250</td>\n",
       "      <td>0.022998</td>\n",
       "      <td>-0.023326</td>\n",
       "      <td>0.041031</td>\n",
       "      <td>-0.134131</td>\n",
       "      <td>0.728633</td>\n",
       "      <td>-0.111695</td>\n",
       "      <td>-0.136823</td>\n",
       "      <td>-0.069733</td>\n",
       "      <td>-0.026654</td>\n",
       "      <td>-0.036065</td>\n",
       "      <td>0.013156</td>\n",
       "      <td>0.782835</td>\n",
       "      <td>1.000000</td>\n",
       "    </tr>\n",
       "  </tbody>\n",
       "</table>\n",
       "</div>"
      ],
      "text/plain": [
       "                            Schüler-ID     Alter  Geschlecht  Ethnizität  \\\n",
       "Schüler-ID                    1.000000 -0.042255   -0.014625   -0.012990   \n",
       "Alter                        -0.042255  1.000000    0.044895   -0.028473   \n",
       "Geschlecht                   -0.014625  0.044895    1.000000    0.016010   \n",
       "Ethnizität                   -0.012990 -0.028473    0.016010    1.000000   \n",
       "Bildung_der_Eltern           -0.002307  0.025099    0.006771    0.033595   \n",
       "Lernzeit_pro_Woche            0.026976 -0.006800    0.011469    0.007184   \n",
       "Fehlzeiten                    0.014841 -0.011511    0.021479   -0.025712   \n",
       "Nachhilfe                    -0.007834 -0.012076   -0.031597   -0.017440   \n",
       "Unterstützung_durch_Eltern    0.003016  0.033197    0.008065    0.020922   \n",
       "Extracurricular              -0.003611 -0.025061   -0.005964   -0.008927   \n",
       "Sports                       -0.020703 -0.046320   -0.008897   -0.004484   \n",
       "Musik                        -0.005468 -0.003492    0.007109   -0.014627   \n",
       "Ehrenamt                      0.008011  0.013074   -0.000200    0.013468   \n",
       "Notendurchschnitt             0.002697 -0.000275    0.013360   -0.027760   \n",
       "Note                         -0.098500 -0.006250    0.022998   -0.023326   \n",
       "\n",
       "                            Bildung_der_Eltern  Lernzeit_pro_Woche  \\\n",
       "Schüler-ID                           -0.002307            0.026976   \n",
       "Alter                                 0.025099           -0.006800   \n",
       "Geschlecht                            0.006771            0.011469   \n",
       "Ethnizität                            0.033595            0.007184   \n",
       "Bildung_der_Eltern                    1.000000           -0.011051   \n",
       "Lernzeit_pro_Woche                   -0.011051            1.000000   \n",
       "Fehlzeiten                            0.036518            0.009326   \n",
       "Nachhilfe                            -0.017340            0.028930   \n",
       "Unterstützung_durch_Eltern           -0.017463            0.035800   \n",
       "Extracurricular                       0.007479           -0.022860   \n",
       "Sports                                0.002029            0.006836   \n",
       "Musik                                 0.039439            0.007791   \n",
       "Ehrenamt                              0.011960           -0.016604   \n",
       "Notendurchschnitt                     0.035854           -0.179275   \n",
       "Note                                  0.041031           -0.134131   \n",
       "\n",
       "                            Fehlzeiten  Nachhilfe  Unterstützung_durch_Eltern  \\\n",
       "Schüler-ID                    0.014841  -0.007834                    0.003016   \n",
       "Alter                        -0.011511  -0.012076                    0.033197   \n",
       "Geschlecht                    0.021479  -0.031597                    0.008065   \n",
       "Ethnizität                   -0.025712  -0.017440                    0.020922   \n",
       "Bildung_der_Eltern            0.036518  -0.017340                   -0.017463   \n",
       "Lernzeit_pro_Woche            0.009326   0.028930                    0.035800   \n",
       "Fehlzeiten                    1.000000  -0.015534                    0.002108   \n",
       "Nachhilfe                    -0.015534   1.000000                   -0.000824   \n",
       "Unterstützung_durch_Eltern    0.002108  -0.000824                    1.000000   \n",
       "Extracurricular               0.000360   0.004865                   -0.008381   \n",
       "Sports                        0.041454   0.006278                   -0.006176   \n",
       "Musik                        -0.008692  -0.011385                    0.035122   \n",
       "Ehrenamt                     -0.018528  -0.050898                   -0.006036   \n",
       "Notendurchschnitt             0.919314  -0.145119                   -0.190774   \n",
       "Note                          0.728633  -0.111695                   -0.136823   \n",
       "\n",
       "                            Extracurricular    Sports     Musik  Ehrenamt  \\\n",
       "Schüler-ID                        -0.003611 -0.020703 -0.005468  0.008011   \n",
       "Alter                             -0.025061 -0.046320 -0.003492  0.013074   \n",
       "Geschlecht                        -0.005964 -0.008897  0.007109 -0.000200   \n",
       "Ethnizität                        -0.008927 -0.004484 -0.014627  0.013468   \n",
       "Bildung_der_Eltern                 0.007479  0.002029  0.039439  0.011960   \n",
       "Lernzeit_pro_Woche                -0.022860  0.006836  0.007791 -0.016604   \n",
       "Fehlzeiten                         0.000360  0.041454 -0.008692 -0.018528   \n",
       "Nachhilfe                          0.004865  0.006278 -0.011385 -0.050898   \n",
       "Unterstützung_durch_Eltern        -0.008381 -0.006176  0.035122 -0.006036   \n",
       "Extracurricular                    1.000000 -0.011820 -0.014191 -0.007427   \n",
       "Sports                            -0.011820  1.000000 -0.020474 -0.002799   \n",
       "Musik                             -0.014191 -0.020474  1.000000  0.017224   \n",
       "Ehrenamt                          -0.007427 -0.002799  0.017224  1.000000   \n",
       "Notendurchschnitt                 -0.094078 -0.057859 -0.073318 -0.003258   \n",
       "Note                              -0.069733 -0.026654 -0.036065  0.013156   \n",
       "\n",
       "                            Notendurchschnitt      Note  \n",
       "Schüler-ID                           0.002697 -0.098500  \n",
       "Alter                               -0.000275 -0.006250  \n",
       "Geschlecht                           0.013360  0.022998  \n",
       "Ethnizität                          -0.027760 -0.023326  \n",
       "Bildung_der_Eltern                   0.035854  0.041031  \n",
       "Lernzeit_pro_Woche                  -0.179275 -0.134131  \n",
       "Fehlzeiten                           0.919314  0.728633  \n",
       "Nachhilfe                           -0.145119 -0.111695  \n",
       "Unterstützung_durch_Eltern          -0.190774 -0.136823  \n",
       "Extracurricular                     -0.094078 -0.069733  \n",
       "Sports                              -0.057859 -0.026654  \n",
       "Musik                               -0.073318 -0.036065  \n",
       "Ehrenamt                            -0.003258  0.013156  \n",
       "Notendurchschnitt                    1.000000  0.782835  \n",
       "Note                                 0.782835  1.000000  "
      ]
     },
     "execution_count": 103,
     "metadata": {},
     "output_type": "execute_result"
    }
   ],
   "source": [
    "correlation_matrix = df.corr()\n",
    "correlation_matrix"
   ]
  },
  {
   "cell_type": "code",
   "execution_count": 104,
   "id": "5e39f757-13f0-4ece-9b0f-41ab7788dfd4",
   "metadata": {},
   "outputs": [
    {
     "data": {
      "application/vnd.plotly.v1+json": {
       "config": {
        "plotlyServerURL": "https://plot.ly"
       },
       "data": [
        {
         "coloraxis": "coloraxis",
         "hovertemplate": "x: %{x}<br>y: %{y}<br>color: %{z}<extra></extra>",
         "name": "0",
         "type": "heatmap",
         "x": [
          "Schüler-ID",
          "Alter",
          "Geschlecht",
          "Ethnizität",
          "Bildung_der_Eltern",
          "Lernzeit_pro_Woche",
          "Fehlzeiten",
          "Nachhilfe",
          "Unterstützung_durch_Eltern",
          "Extracurricular",
          "Sports",
          "Musik",
          "Ehrenamt",
          "Notendurchschnitt",
          "Note"
         ],
         "xaxis": "x",
         "y": [
          "Schüler-ID",
          "Alter",
          "Geschlecht",
          "Ethnizität",
          "Bildung_der_Eltern",
          "Lernzeit_pro_Woche",
          "Fehlzeiten",
          "Nachhilfe",
          "Unterstützung_durch_Eltern",
          "Extracurricular",
          "Sports",
          "Musik",
          "Ehrenamt",
          "Notendurchschnitt",
          "Note"
         ],
         "yaxis": "y",
         "z": [
          [
           1,
           -0.04225500550506003,
           -0.014624737890670998,
           -0.012990317492213013,
           -0.0023071537952649,
           0.026975536782813427,
           0.014841204430592496,
           -0.007833886065889903,
           0.003015913607621231,
           -0.003610538004629792,
           -0.020702913554061158,
           -0.005468034177586727,
           0.00801081638724369,
           0.0026970523062750445,
           -0.09849989295454441
          ],
          [
           -0.04225500550506003,
           1,
           0.04489528797100755,
           -0.028473459817999182,
           0.025098637318036656,
           -0.006800030717475379,
           -0.011510912669497355,
           -0.01207647643748808,
           0.033197052822958616,
           -0.02506139860845288,
           -0.04632021688354296,
           -0.003491987025492594,
           0.013074042935857476,
           -0.0002753881983357026,
           -0.006250264255547083
          ],
          [
           -0.014624737890670998,
           0.04489528797100755,
           1,
           0.01601027610941651,
           0.006770990785224424,
           0.011469010136275532,
           0.021479224914178214,
           -0.031597276037131576,
           0.008065409100974807,
           -0.005964235991853615,
           -0.008897162424828912,
           0.007109369180534057,
           -0.0001998000602194831,
           0.01335997492896948,
           0.02299776235416293
          ],
          [
           -0.012990317492213013,
           -0.028473459817999182,
           0.01601027610941651,
           1,
           0.033595258337024675,
           0.007183528186607017,
           -0.02571177861236868,
           -0.017439893442360157,
           0.020921990184218517,
           -0.008926695926079014,
           -0.004484257562657012,
           -0.014626961475092426,
           0.013467643972548932,
           -0.027759583777886353,
           -0.023325821572432213
          ],
          [
           -0.0023071537952649,
           0.025098637318036656,
           0.006770990785224424,
           0.033595258337024675,
           1,
           -0.011051181979613264,
           0.03651750329601903,
           -0.017340423273657913,
           -0.017463037639935963,
           0.007479342256398571,
           0.002028728341763333,
           0.03943900718125293,
           0.011959707129569015,
           0.03585363962792513,
           0.04103128777029939
          ],
          [
           0.026975536782813427,
           -0.006800030717475379,
           0.011469010136275532,
           0.007183528186607017,
           -0.011051181979613264,
           1,
           0.009325534802771117,
           0.028930296247308997,
           0.03579996353698011,
           -0.02285981623400783,
           0.006836029569197953,
           0.007791465479568918,
           -0.01660358113240118,
           -0.1792751268560886,
           -0.13413050292457018
          ],
          [
           0.014841204430592496,
           -0.011510912669497355,
           0.021479224914178214,
           -0.02571177861236868,
           0.03651750329601903,
           0.009325534802771117,
           1,
           -0.015533625803987485,
           0.002107807745376467,
           0.00036028802301776776,
           0.0414541202258089,
           -0.008692102282531587,
           -0.018528066887604635,
           0.9193135764208649,
           0.728632710454862
          ],
          [
           -0.007833886065889903,
           -0.01207647643748808,
           -0.031597276037131576,
           -0.017439893442360157,
           -0.017340423273657913,
           0.028930296247308997,
           -0.015533625803987485,
           1,
           -0.0008237872642681607,
           0.004865472183072921,
           0.006277589811548814,
           -0.011385242083131174,
           -0.05089774277935049,
           -0.14511891996780357,
           -0.11169457883793853
          ],
          [
           0.003015913607621231,
           0.033197052822958616,
           0.008065409100974807,
           0.020921990184218517,
           -0.017463037639935963,
           0.03579996353698011,
